%YAML:1.0
---
K: !!opencv-matrix
   rows: 3
   cols: 3
   dt: d
   data: [ 904.61606072514007, 0., 648.70218312763222, 0.,
       905.25489406865699, 377.60118653175948, 0., 0., 1. ]
dist: !!opencv-matrix
   rows: 1
   cols: 5
   dt: d
   data: [ 0.058725896954066346, 0.050062897197449795,
       0.00084523429712809333, 0.00043347566272707825,
       -0.49883698954981481 ]
