%YAML:1.0
---
K: !!opencv-matrix
   rows: 3
   cols: 3
   dt: d
   data: [ 905.18729394834384, 0., 648.44726644617128, 0.,
       905.79619939852512, 378.22051936128662, 0., 0., 1. ]
dist: !!opencv-matrix
   rows: 1
   cols: 5
   dt: d
   data: [ 0.12595735568120808, -0.37487949245707308,
       0.00035074851372644106, 0.00040114648233757609,
       0.31768929196509788 ]
